       3
(7e14.5)
     0.0000e+00     0.0000e+00      0  0  0.00
600 0.100000   0.0000e+00
   1.03068e-07    1.52762e-07    1.93595e-07    2.20570e-07    2.28111e-07    2.11118e-07    1.67019e-07
   9.76575e-08    9.57351e-09   -8.79508e-08   -1.86055e-07   -2.78349e-07   -3.59854e-07   -4.23031e-07
  -4.53958e-07   -4.32924e-07   -3.41684e-07   -1.74954e-07    5.03483e-08    2.95271e-07    5.10989e-07
   6.57732e-07    7.19603e-07    7.05785e-07    6.36896e-07    5.25070e-07    3.61872e-07    1.25110e-07
  -1.96171e-07   -5.73597e-07   -9.29694e-07   -1.15982e-06   -1.17977e-06   -9.75091e-07   -6.20587e-07
  -2.47958e-07    2.93310e-08    1.87029e-07    3.00885e-07    4.81410e-07    7.78936e-07    1.12988e-06
   1.37937e-06    1.36258e-06    1.00317e-06    3.83071e-07   -2.68615e-07   -6.94426e-07   -7.80275e-07
  -6.52498e-07   -5.89806e-07   -7.80267e-07   -1.11973e-06   -1.24994e-06   -8.44120e-07    6.35460e-08
   9.82541e-07    1.24552e-06    5.11552e-07   -8.77017e-07   -1.99385e-06   -1.88615e-06   -2.49748e-07
   2.24980e-06    4.27297e-06    4.57339e-06    2.77956e-06   -3.01982e-07   -3.09235e-06   -4.14332e-06
  -2.98660e-06   -3.95654e-07    2.09329e-06    3.07441e-06    2.02299e-06   -5.07396e-07   -3.27942e-06
  -5.04536e-06   -5.08501e-06   -3.38302e-06   -4.95042e-07    2.69893e-06    5.21069e-06    6.15548e-06
   5.05829e-06    2.21702e-06   -1.13737e-06   -3.20562e-06   -2.56128e-06    7.72289e-07    4.88946e-06
   6.81068e-06    4.36230e-06   -1.97815e-06   -8.81315e-06   -1.18958e-05   -9.43739e-06   -4.01517e-06
  -9.10016e-07   -3.46065e-06   -9.05326e-06   -9.76995e-06    1.53521e-06    2.36946e-05    4.45684e-05
   4.72181e-05    2.24903e-05   -2.07850e-05   -5.76708e-05   -6.31869e-05   -3.23495e-05    1.30138e-05
   4.01481e-05    3.27290e-05    4.10996e-06   -1.69803e-05   -1.30926e-05    8.77679e-06    2.67185e-05
   2.40892e-05    2.32029e-06   -2.20693e-05   -3.17090e-05   -2.20010e-05   -3.62709e-06    7.52079e-06
   4.23086e-06   -6.53335e-06   -1.10518e-05   -1.56753e-06    1.70593e-05    3.16328e-05    3.15387e-05
   1.72355e-05   -3.00992e-07   -8.65742e-06   -4.07440e-06    5.97801e-06    9.50511e-06   -3.02734e-07
  -2.07068e-05   -4.27222e-05   -5.73511e-05   -5.93712e-05   -4.71508e-05   -2.10323e-05    1.58973e-05
   5.49165e-05    8.21849e-05    8.57442e-05    6.45425e-05    3.23708e-05    1.17502e-05    1.84240e-05
   4.58553e-05    6.27905e-05    3.01204e-05   -6.97001e-05   -2.08660e-04   -3.15385e-04   -3.12122e-04
  -1.68621e-04    6.69720e-05    2.89763e-04    4.00526e-04    3.62444e-04    2.12541e-04    2.77597e-05
  -1.21498e-04   -1.98793e-04   -2.03205e-04   -1.56687e-04   -8.89668e-05   -2.52124e-05    2.08162e-05
   4.63306e-05    5.33249e-05    4.23022e-05    1.26039e-05   -2.98576e-05   -6.57611e-05   -6.71394e-05
  -1.56613e-05    7.73190e-05    1.67085e-04    1.97508e-04    1.38257e-04    1.03543e-05   -1.23095e-04
  -1.97444e-04   -1.87462e-04   -1.17042e-04   -3.36420e-05    2.71414e-05    5.83735e-05    7.31627e-05
   8.46822e-05    9.25409e-05    8.41704e-05    4.84900e-05   -1.01143e-05   -7.01513e-05   -1.05579e-04
  -1.02245e-04   -6.53935e-05   -1.39130e-05    3.20467e-05    6.04184e-05    6.87283e-05    5.99071e-05
   3.85818e-05    1.08221e-05   -1.54208e-05   -3.26856e-05   -3.84470e-05   -3.65518e-05   -3.22042e-05
  -2.53937e-05   -1.10453e-05    1.35811e-05    4.21922e-05    6.09589e-05    5.72131e-05    2.80928e-05
  -1.66472e-05   -5.84255e-05   -7.83657e-05   -6.73388e-05   -3.15179e-05    1.17305e-05    4.49302e-05
   5.92245e-05    5.49914e-05    3.74543e-05    1.35063e-05   -9.00876e-06   -2.26465e-05   -2.36612e-05
  -1.46135e-05   -3.09079e-06    3.13384e-06    7.79967e-07   -7.83956e-06   -1.75557e-05   -2.41981e-05
  -2.62710e-05   -2.35296e-05   -1.48350e-05    1.36607e-06    2.35526e-05    4.44361e-05    5.35067e-05
   4.45094e-05    2.17423e-05   -1.50909e-06   -1.25543e-05   -9.40266e-06   -2.49744e-06   -5.73913e-06
  -2.40889e-05   -4.84767e-05   -6.20832e-05   -5.22707e-05   -1.92552e-05    2.34341e-05    5.63022e-05
   6.48618e-05    4.79697e-05    1.79916e-05   -7.65080e-06   -1.75399e-05   -1.21916e-05   -1.40323e-06
   4.20137e-06    6.16586e-07   -8.38100e-06   -1.58830e-05   -1.73610e-05   -1.27755e-05   -5.06297e-06
   2.36842e-06    6.88749e-06    6.85079e-06    2.31866e-06   -3.78995e-06   -6.43236e-06   -1.97176e-06
   8.22672e-06    1.77885e-05    1.97168e-05    1.17230e-05   -1.97394e-06   -1.35478e-05   -1.68007e-05
  -1.10204e-05   -1.01822e-06    6.31784e-06    6.61428e-06    7.04523e-07   -6.35511e-06   -8.96235e-06
  -4.80410e-06    3.52110e-06    1.02492e-05    1.06010e-05    4.42077e-06   -3.79783e-06   -8.64846e-06
  -7.92418e-06   -3.70490e-06   -3.67404e-08    5.53939e-07   -1.05825e-06   -1.67660e-06    1.30763e-06
   7.54983e-06    1.34989e-05    1.45131e-05    8.27584e-06   -2.87041e-06   -1.27632e-05   -1.52845e-05
  -8.77039e-06    2.18119e-06    9.33408e-06    6.66645e-06   -4.82073e-06   -1.74520e-05   -2.23934e-05
  -1.59144e-05   -1.58897e-06    1.26938e-05    2.02557e-05    1.98473e-05    1.57900e-05    1.37991e-05
   1.55239e-05    1.64891e-05    9.71511e-06   -7.53048e-06   -2.95153e-05   -4.45525e-05   -4.29646e-05
  -2.43950e-05    1.46289e-06    2.13653e-05    2.70382e-05    1.95485e-05    7.31879e-06   -4.17978e-08
   2.05112e-06    1.05569e-05    1.74426e-05    1.59030e-05    5.41916e-06   -8.50049e-06   -1.91377e-05
  -2.31437e-05   -2.13183e-05   -1.62235e-05   -9.60622e-06   -1.65014e-06    7.97326e-06    1.84357e-05
   2.67617e-05    2.84649e-05    2.00502e-05    2.14988e-06   -1.91498e-05   -3.45110e-05   -3.62499e-05
  -2.29259e-05   -5.50698e-07    2.05668e-05    3.14706e-05    2.91064e-05    1.70327e-05    2.36009e-06
  -8.63679e-06   -1.34505e-05   -1.35082e-05   -1.19243e-05   -1.05656e-05   -8.84096e-06   -5.21673e-06
   3.09768e-07    5.63148e-06    8.46265e-06    8.49367e-06    7.38377e-06    6.81047e-06    6.86958e-06
   6.42283e-06    4.73341e-06    2.29598e-06   -1.86289e-07   -3.23653e-06   -8.29981e-06   -1.55545e-05
  -2.21209e-05   -2.30845e-05   -1.51445e-05    1.26992e-07    1.64058e-05    2.63984e-05    2.66005e-05
   1.92865e-05    1.00758e-05    3.28260e-06   -8.81500e-07   -5.08432e-06   -1.11894e-05   -1.76904e-05
  -2.04633e-05   -1.61142e-05   -5.23915e-06    7.05310e-06    1.40232e-05    1.17437e-05    2.10671e-06
  -7.92829e-06   -1.08895e-05   -4.22980e-06    7.59248e-06    1.63713e-05    1.62990e-05    8.04636e-06
  -2.32036e-06   -8.34117e-06   -7.85880e-06   -3.84225e-06   -1.10966e-06   -1.98348e-06   -4.57802e-06
  -4.99317e-06   -1.29434e-06    4.29480e-06    6.95910e-06    3.37857e-06   -5.05037e-06   -1.25824e-05
  -1.30197e-05   -4.32685e-06    9.51257e-06    2.07735e-05    2.27456e-05    1.38494e-05   -1.35738e-06
  -1.48477e-05   -1.98744e-05   -1.49077e-05   -4.27169e-06    5.06489e-06    8.39023e-06    6.10666e-06
   2.30311e-06    5.47238e-07    9.22651e-07    9.04887e-07   -1.31030e-06   -4.66345e-06   -6.28411e-06
  -4.43429e-06   -3.79894e-07    2.65278e-06    2.51597e-06    2.41322e-07   -9.11153e-07    1.43010e-06
   6.39539e-06    1.03677e-05    9.85075e-06    4.33240e-06   -3.24084e-06   -8.83723e-06   -1.04269e-05
  -8.95808e-06   -6.66946e-06   -4.81351e-06   -2.97283e-06   -1.48967e-07    3.78963e-06    7.60307e-06
   9.43125e-06    8.19543e-06    4.51147e-06    2.71401e-07   -2.75556e-06   -4.01671e-06   -4.06752e-06
  -3.62706e-06   -2.88716e-06   -1.67966e-06   -6.69837e-09    1.86929e-06    3.68176e-06    5.09903e-06
   5.36684e-06    3.43135e-06   -1.09526e-06   -6.92568e-06   -1.12972e-05   -1.15788e-05   -7.04082e-06
   6.08517e-07    8.19163e-06    1.27119e-05    1.26580e-05    8.41369e-06    1.80791e-06   -4.74153e-06
  -8.98991e-06   -9.42288e-06   -5.84602e-06    7.57831e-08    5.06560e-06    5.90295e-06    1.83037e-06
  -4.33174e-06   -7.83286e-06   -5.44626e-06    2.01209e-06    1.01224e-05    1.38413e-05    1.07189e-05
   2.19563e-06   -7.56919e-06   -1.42537e-05   -1.55377e-05   -1.16759e-05   -4.65728e-06    2.97856e-06
   8.90613e-06    1.14507e-05    1.01138e-05    6.05602e-06    1.79110e-06   -2.27616e-07    6.93731e-07
   2.86825e-06    3.39022e-06    3.30297e-07   -5.76688e-06   -1.21860e-05   -1.57053e-05   -1.43297e-05
  -8.13631e-06    8.83134e-07    9.64788e-06    1.51530e-05    1.56633e-05    1.15075e-05    4.97451e-06
  -8.82149e-07   -3.95760e-06   -4.14415e-06   -2.95175e-06   -2.15266e-06   -2.61412e-06   -4.04279e-06
  -5.47612e-06   -5.92475e-06   -4.78091e-06   -2.02096e-06    1.68409e-06    5.08456e-06    6.87108e-06
   6.40456e-06    4.12812e-06    1.28898e-06   -8.40726e-07   -1.66355e-06   -1.42711e-06   -8.56774e-07
  -5.92797e-07   -8.23852e-07   -1.29664e-06   -1.60171e-06   -1.48381e-06   -9.71200e-07   -2.92027e-07
   3.04193e-07    6.80140e-07    8.37099e-07    8.56482e-07    8.16467e-07    7.38492e-07    5.90029e-07
   3.33542e-07   -1.68668e-08   -3.73650e-07   -6.08925e-07   -6.26759e-07   -4.29390e-07   -1.28097e-07
   1.19211e-07    2.08286e-07    1.52934e-07    5.60508e-08    5.82558e-09 
     0.0000e+00     0.0000e+00      0  0  0.00
600 0.100000   0.0000e+00
   7.24307e-08    1.23637e-07    1.64676e-07    1.87381e-07    1.85223e-07    1.55420e-07    1.01256e-07
   3.27782e-08   -3.61335e-08   -9.42983e-08   -1.39795e-07   -1.80989e-07   -2.28761e-07   -2.83205e-07
  -3.24601e-07   -3.18719e-07   -2.37667e-07   -8.40552e-08    1.00977e-07    2.57417e-07    3.44664e-07
   3.71058e-07    3.88275e-07    4.48208e-07    5.50608e-07    6.22652e-07    5.53909e-07    2.72302e-07
  -1.86013e-07   -6.66552e-07   -9.71517e-07   -9.88018e-07   -7.84346e-07   -5.86443e-07   -6.18353e-07
  -9.03847e-07   -1.18739e-06   -1.06813e-06   -2.85149e-07    1.03992e-06    2.39965e-06    3.18374e-06
   3.07948e-06    2.29459e-06    1.39509e-06    8.36472e-07    5.46916e-07   -5.57398e-08   -1.54491e-06
  -3.83533e-06   -5.97052e-06   -6.63838e-06   -5.11265e-06   -1.90167e-06    1.46612e-06    3.45487e-06
   3.60632e-06    2.83091e-06    2.62182e-06    3.78398e-06    5.69216e-06    6.69598e-06    5.38468e-06
   1.73219e-06   -2.77408e-06   -6.12862e-06   -7.16901e-06   -6.26744e-06   -4.85138e-06   -4.18242e-06
  -4.38139e-06   -4.43111e-06   -3.10058e-06   -4.66746e-08    3.77018e-06    6.69363e-06    7.54629e-06
   6.45834e-06    4.69994e-06    3.66273e-06    3.82389e-06    4.51673e-06    4.60608e-06    3.38148e-06
   8.81670e-07   -2.47212e-06   -6.33232e-06   -1.03456e-05   -1.36343e-05   -1.46498e-05   -1.20685e-05
  -6.29960e-06   -1.13683e-07    2.83320e-06    1.01338e-06   -2.88918e-06   -3.29069e-06    3.77897e-06
   1.64907e-05    2.75618e-05    2.99559e-05    2.36495e-05    1.69165e-05    1.91533e-05    2.97729e-05
   3.31516e-05    7.29427e-06   -5.65439e-05   -1.37515e-04   -1.88566e-04   -1.63776e-04   -5.37747e-05
   9.82129e-05    2.16850e-04    2.41325e-04    1.65188e-04    3.89849e-05   -6.66142e-05   -1.07740e-04
  -8.85300e-05   -4.59451e-05   -1.73417e-05   -1.68079e-05   -3.25447e-05   -4.17177e-05   -3.00637e-05
  -2.30551e-06    2.35655e-05    3.22836e-05    2.34663e-05    1.05346e-05    8.82663e-06    2.30433e-05
   4.33289e-05    5.24838e-05    3.88656e-05    5.43018e-06   -3.18485e-05   -5.50216e-05   -5.61180e-05
  -4.06646e-05   -2.11490e-05   -7.40577e-06   -1.63286e-06   -7.28482e-08    2.29921e-06    8.59486e-06
   1.90732e-05    3.05771e-05    3.67346e-05    3.17551e-05    1.64829e-05    1.64473e-07   -5.72944e-06
   2.21429e-06    1.29707e-05    5.97909e-06   -3.18342e-05   -8.80044e-05   -1.23910e-04   -9.99763e-05
  -1.06580e-05    1.02119e-04    1.73990e-04    1.63862e-04    8.24324e-05   -1.83296e-05   -8.36742e-05
  -9.21894e-05   -6.35389e-05   -3.48610e-05   -2.88201e-05   -3.99342e-05   -4.54251e-05   -2.60103e-05
   2.02154e-05    7.63333e-05    1.14789e-04    1.11067e-04    5.82986e-05   -2.42335e-05   -9.66411e-05
  -1.19191e-04   -7.76582e-05    3.96918e-06    7.57140e-05    9.38210e-05    5.05064e-05   -2.17647e-05
  -7.47486e-05   -7.81837e-05   -3.81276e-05    1.15261e-05    3.65331e-05    2.77806e-05    5.60202e-06
  -1.62289e-07    2.19449e-05    5.34474e-05    6.16829e-05    2.89219e-05   -3.09715e-05   -8.19530e-05
  -9.27191e-05   -5.88841e-05   -3.63961e-06    4.09614e-05    5.56866e-05    4.31527e-05    2.02080e-05
   2.47804e-06   -5.62435e-06   -8.72072e-06   -1.11859e-05   -1.16964e-05   -6.51493e-06    3.94986e-06
   1.32984e-05    1.41761e-05    5.00623e-06   -8.67308e-06   -1.91983e-05   -2.23483e-05   -1.86638e-05
  -1.12339e-05   -3.19951e-06    3.84336e-06    1.04435e-05    1.80588e-05    2.62935e-05    3.12031e-05
   2.73750e-05    1.30737e-05   -6.32489e-06   -2.11619e-05   -2.50986e-05   -2.06047e-05   -1.66658e-05
  -2.00310e-05   -2.78230e-05   -2.87568e-05   -1.29365e-05    1.76742e-05    4.79285e-05    5.97991e-05
   4.62063e-05    1.63199e-05   -1.21923e-05   -2.62303e-05   -2.43218e-05   -1.39230e-05   -4.23269e-06
  -1.07036e-06   -5.48491e-06   -1.41936e-05   -2.08298e-05   -1.86024e-05   -4.71611e-06    1.58421e-05
   3.18264e-05    3.32192e-05    1.86739e-05   -3.58461e-06   -2.15206e-05   -2.63326e-05   -1.61841e-05
   3.57518e-06    2.26353e-05    3.05532e-05    2.27403e-05    3.56531e-06   -1.64000e-05   -2.74025e-05
  -2.65520e-05   -1.82395e-05   -9.06433e-06   -2.41594e-06    2.35527e-06    6.84597e-06    1.07910e-05
   1.22550e-05    1.03239e-05    7.27663e-06    7.54203e-06    1.36270e-05    2.22296e-05    2.46205e-05
   1.25586e-05   -1.39532e-05   -4.37392e-05   -6.02512e-05   -5.26514e-05   -2.38961e-05    1.06850e-05
   3.39034e-05    3.81753e-05    2.88537e-05    1.78093e-05    1.34380e-05    1.50714e-05    1.53327e-05
   7.40792e-06   -9.01858e-06   -2.74206e-05   -3.89570e-05   -3.77660e-05   -2.38600e-05   -2.97876e-06
   1.59580e-05    2.49419e-05    2.12919e-05    9.80600e-06    1.14747e-07    1.32161e-08    9.39943e-06
   1.98847e-05    2.07851e-05    7.04826e-06   -1.65242e-05   -3.76351e-05   -4.39743e-05   -3.08578e-05
  -4.12312e-06    2.32324e-05    3.83610e-05    3.53733e-05    1.78025e-05   -4.26451e-06   -2.00861e-05
  -2.35219e-05   -1.50822e-05   -4.42061e-07    1.29123e-05    1.88127e-05    1.44749e-05    1.68019e-06
  -1.33772e-05   -2.27413e-05   -2.14099e-05   -1.06910e-05    3.16022e-06    1.39694e-05    1.95226e-05
   2.09670e-05    1.92664e-05    1.31753e-05    1.24474e-06   -1.43927e-05   -2.71443e-05   -2.98485e-05
  -2.04459e-05   -4.40070e-06    8.79753e-06    1.27354e-05    8.87578e-06    4.72105e-06    6.87452e-06
   1.48796e-05    2.09296e-05    1.60284e-05   -1.78773e-06   -2.38208e-05   -3.55485e-05   -2.72091e-05
  -2.20214e-06    2.38836e-05    3.38198e-05    2.11567e-05   -5.03082e-06   -2.66176e-05   -2.91936e-05
  -1.19792e-05    1.19105e-05    2.49695e-05    1.80717e-05   -2.69626e-06   -2.06548e-05   -2.14147e-05
  -4.04062e-06    1.83140e-05    2.89166e-05    2.06621e-05    9.36656e-07   -1.55356e-05   -1.87738e-05
  -1.00793e-05    1.05850e-06    5.33127e-06    1.59855e-07   -9.53252e-06   -1.56326e-05   -1.26126e-05
  -9.95158e-07    1.32042e-05    2.22350e-05    2.12753e-05    1.13823e-05   -1.12225e-06   -8.71018e-06
  -7.72397e-06   -1.02736e-06    4.01232e-06    1.24369e-06   -8.98721e-06   -1.92806e-05   -2.03225e-05
  -8.45538e-06    1.01133e-05    2.27333e-05    1.97820e-05    2.87163e-06   -1.53587e-05   -2.04261e-05
  -7.20412e-06    1.57731e-05    3.23809e-05    3.05508e-05    1.05239e-05   -1.60590e-05   -3.45771e-05
  -3.65818e-05   -2.35846e-05   -4.06298e-06    1.28975e-05    2.22950e-05    2.36342e-05    1.84840e-05
   8.58130e-06   -3.77041e-06   -1.46105e-05   -1.92572e-05   -1.53441e-05   -4.98330e-06    6.36643e-06
   1.34938e-05    1.44722e-05    1.08990e-05    5.67148e-06    5.96938e-07   -4.14965e-06   -8.86162e-06
  -1.31327e-05   -1.57301e-05   -1.52140e-05   -1.07152e-05   -2.56332e-06    7.52030e-06    1.68801e-05
   2.28313e-05    2.35238e-05    1.84049e-05    8.29575e-06   -4.60240e-06   -1.67417e-05   -2.38929e-05
  -2.29398e-05   -1.40761e-05   -1.57223e-06    8.15192e-06    1.02813e-05    4.67096e-06   -3.92197e-06
  -8.73826e-06   -5.35749e-06    5.27506e-06    1.72578e-05    2.34308e-05    1.98796e-05    8.18382e-06
  -5.94129e-06   -1.63480e-05   -1.97989e-05   -1.68772e-05   -1.04845e-05   -3.67331e-06    1.57696e-06
   4.44468e-06    4.94425e-06    3.67208e-06    1.57190e-06   -2.92673e-07   -8.63168e-07    7.03345e-07
   4.48586e-06    9.29436e-06    1.30088e-05    1.36831e-05    1.02898e-05    2.63889e-06   -8.62247e-06
  -2.12083e-05   -3.05035e-05   -3.07697e-05   -1.86657e-05    3.09811e-06    2.53888e-05    3.70764e-05
   3.18943e-05    1.28898e-05   -9.13296e-06   -2.24282e-05   -2.15454e-05   -9.86872e-06    3.85937e-06
   1.18570e-05    1.16920e-05    6.19068e-06    4.89917e-08   -3.70293e-06   -5.03516e-06   -5.82157e-06
  -7.63970e-06   -1.01118e-05   -1.08397e-05   -7.00286e-06    2.26797e-06    1.42295e-05    2.30565e-05
   2.30185e-05    1.26629e-05   -3.22090e-06   -1.60514e-05   -1.90159e-05   -1.16477e-05    1.67049e-08
   7.74092e-06    6.66236e-06   -1.77281e-06   -1.12529e-05   -1.49927e-05   -9.98936e-06    1.37857e-06
   1.31141e-05    1.93493e-05    1.75652e-05    9.48307e-06   -4.42515e-07   -7.66326e-06   -9.78292e-06
  -7.43505e-06   -3.54582e-06   -1.37843e-06   -2.36569e-06   -5.10752e-06   -6.45541e-06   -4.07013e-06
   1.60852e-06    7.66623e-06    1.09095e-05    9.97938e-06    5.82856e-06    6.74380e-07   -3.39848e-06
  -5.30073e-06   -5.13497e-06   -3.88062e-06   -2.69846e-06   -2.16555e-06   -1.94934e-06   -1.21109e-06
   5.55510e-07    2.93469e-06    4.73680e-06    4.79317e-06    2.81990e-06   -2.81177e-07   -2.91939e-06
  -3.78986e-06   -2.66321e-06   -4.44349e-07    1.50542e-06    2.24531e-06    1.70744e-06    5.07886e-07
  -6.01885e-07   -1.18414e-06   -1.21221e-06   -8.94598e-07   -4.59693e-07   -5.31213e-08    2.57192e-07
   4.45372e-07    5.09439e-07    4.68466e-07    3.57605e-07    2.16314e-07    7.66954e-08   -4.16333e-08
  -1.29260e-07   -1.81054e-07   -1.92621e-07   -1.62917e-07   -1.00606e-07   -2.66478e-08    3.24352e-08
   5.81656e-08    5.07519e-08    2.73480e-08    7.97337e-09    6.71823e-10 
     0.0000e+00     0.0000e+00      0  0  0.00
600 0.100000   0.0000e+00
   4.18310e-08    2.32101e-08    8.41699e-09    3.48730e-09    9.24119e-09    2.03703e-08    2.74570e-08
   2.14988e-08   -8.41714e-10   -3.41446e-08   -6.59796e-08   -8.38300e-08   -8.36960e-08   -7.41361e-08
  -7.08564e-08   -8.30941e-08   -1.00609e-07   -9.31704e-08   -2.86701e-08    9.73569e-08    2.41289e-07
   3.22398e-07    2.70875e-07    8.88913e-08   -1.22071e-07   -2.06019e-07   -6.09693e-08    2.57035e-07
   5.25855e-07    4.85557e-07    3.71842e-08   -6.33648e-07   -1.12844e-06   -1.08993e-06   -4.74686e-07
   3.64686e-07    8.80424e-07    7.02373e-07   -7.06498e-08   -8.86124e-07   -1.08672e-06   -3.76765e-07
   9.21375e-07    2.03059e-06    2.22466e-06    1.33761e-06   -9.45344e-08   -1.18986e-06   -1.34570e-06
  -6.81146e-07    5.12455e-08    4.73466e-08   -8.93210e-07   -2.14423e-06   -2.67525e-06   -1.83542e-06
   1.04918e-07    2.09714e-06    3.04798e-06    2.58914e-06    1.30136e-06    2.35083e-07    1.12199e-07
   8.16826e-07    1.52576e-06    1.34409e-06   -2.08565e-08   -2.00317e-06   -3.49972e-06   -3.57029e-06
  -2.09888e-06    4.39195e-09    1.26353e-06    5.86004e-07   -1.83572e-06   -4.33270e-06   -4.61980e-06
  -1.34646e-06    4.66321e-06    1.05111e-05    1.28945e-05    1.03417e-05    4.29090e-06   -2.07300e-06
  -6.39458e-06   -8.82675e-06   -1.11768e-05   -1.42165e-05   -1.57376e-05   -1.16292e-05    2.63170e-07
   1.65871e-05    2.88986e-05    2.88417e-05    1.45943e-05   -6.80523e-06   -2.36656e-05   -2.72652e-05
  -1.70985e-05   -4.13277e-07    1.28913e-05    1.63512e-05    1.03292e-05    8.83963e-07   -4.83231e-06
  -3.44928e-06    2.63004e-06    7.20971e-06    4.87349e-06   -4.80789e-06   -1.63804e-05   -2.19081e-05
  -1.66047e-05   -2.54536e-06    1.27157e-05    2.16540e-05    2.16943e-05    1.55412e-05    7.62366e-06
   5.86210e-07   -5.43234e-06   -1.09676e-05   -1.50845e-05   -1.54461e-05   -1.07342e-05   -2.58413e-06
   5.17457e-06    8.97856e-06    7.60772e-06    2.90804e-06   -1.36055e-06   -2.37539e-06   -3.28772e-07
   2.38312e-06    3.50905e-06    2.42150e-06    9.77149e-08   -1.84646e-06   -2.33982e-06   -1.62278e-06
  -7.06993e-07    2.16846e-07    2.04405e-06    4.88207e-06    6.85487e-06    5.69364e-06    1.10038e-06
  -4.86719e-06   -9.38941e-06   -1.08080e-05   -9.37858e-06   -6.26597e-06   -1.93620e-06    3.76587e-06
   9.50147e-06    1.12706e-05    5.00212e-06   -8.52454e-06   -2.13223e-05   -2.19344e-05   -3.76670e-06
   2.78553e-05    5.58493e-05    6.05707e-05    3.35129e-05   -1.41722e-05   -5.68385e-05   -7.15509e-05
  -5.40772e-05   -2.03028e-05    7.66922e-06    1.83059e-05    1.64233e-05    1.46986e-05    2.00982e-05
   2.77597e-05    2.68088e-05    1.14162e-05   -1.31168e-05   -3.31997e-05   -3.54773e-05   -1.55801e-05
   1.79137e-05    4.70311e-05    5.38815e-05    3.09106e-05   -1.36751e-05   -5.87525e-05   -8.10944e-05
  -6.89463e-05   -2.94536e-05    1.65157e-05    4.88791e-05    6.04115e-05    5.68126e-05    4.66867e-05
   3.22352e-05    9.61751e-06   -2.21824e-05   -5.40806e-05   -6.98061e-05   -5.75068e-05   -2.04394e-05
   2.26980e-05    4.90686e-05    4.62904e-05    1.95865e-05   -1.30903e-05   -3.35372e-05   -3.38119e-05
  -1.78218e-05    4.71967e-06    2.48830e-05    3.67694e-05    3.67955e-05    2.39334e-05    1.81389e-06
  -2.04273e-05   -3.19110e-05   -2.71022e-05   -1.03287e-05    6.82422e-06    1.35288e-05    6.80552e-06
  -7.24078e-06   -1.81750e-05   -1.81777e-05   -6.74902e-06    9.25400e-06    2.00724e-05    1.95045e-05
   9.15430e-06   -2.89759e-06   -8.17559e-06   -3.99932e-06    4.83216e-06    1.00244e-05    6.43444e-06
  -3.75644e-06   -1.28973e-05   -1.42104e-05   -7.03473e-06    3.22600e-06    9.84739e-06    9.92552e-06
   5.69713e-06    1.51798e-06   -1.54410e-07   -2.44573e-07   -1.38036e-06   -5.23533e-06   -1.11786e-05
  -1.66099e-05   -1.81784e-05   -1.32849e-05   -1.55342e-06    1.41800e-05    2.81833e-05    3.42086e-05
   2.91171e-05    1.51160e-05   -1.60930e-06   -1.48846e-05   -2.17460e-05   -2.27972e-05   -2.04250e-05
  -1.67778e-05   -1.27124e-05   -7.85967e-06   -1.38607e-06    7.09963e-06    1.67348e-05    2.50061e-05
   2.83749e-05    2.40818e-05    1.22430e-05   -3.39548e-06   -1.70197e-05   -2.38491e-05   -2.27857e-05
  -1.65890e-05   -9.28169e-06   -3.21400e-06    1.48235e-06    5.36120e-06    8.53654e-06    1.10444e-05
   1.32633e-05    1.50662e-05    1.46625e-05    9.14449e-06   -2.68407e-06   -1.73295e-05   -2.70896e-05
  -2.50327e-05   -1.08056e-05    8.01415e-06    2.07634e-05    2.10222e-05    1.06131e-05   -2.56798e-06
  -1.06686e-05   -1.09763e-05   -6.45699e-06   -1.93047e-06    5.16719e-07    2.62041e-06    6.67963e-06
   1.17390e-05    1.35441e-05    8.39062e-06   -2.99862e-06   -1.51940e-05   -2.15535e-05   -1.86236e-05
  -8.19908e-06    4.10903e-06    1.23850e-05    1.35784e-05    8.70791e-06    1.92716e-06   -1.84292e-06
   2.30972e-07    6.98688e-06    1.37334e-05    1.49706e-05    7.66469e-06   -6.70704e-06   -2.23642e-05
  -3.18554e-05   -3.00595e-05   -1.72708e-05    7.35909e-07    1.58384e-05    2.20178e-05    1.85940e-05
   1.03124e-05    4.05486e-06    4.15271e-06    9.39255e-06    1.39967e-05    1.20980e-05    2.29184e-06
  -1.13016e-05   -2.20851e-05   -2.54962e-05   -2.14531e-05   -1.32677e-05   -4.58006e-06    2.83686e-06
   8.89543e-06    1.35757e-05    1.59037e-05    1.44975e-05    8.99385e-06    1.01557e-06   -6.17525e-06
  -9.18865e-06   -6.34277e-06    1.06865e-06    8.92937e-06    1.23667e-05    8.82003e-06   -1.27311e-07
  -9.75303e-06   -1.53076e-05   -1.49204e-05   -1.03761e-05   -5.36172e-06   -2.51435e-06   -1.49223e-06
   3.67264e-07    5.23957e-06    1.22875e-05    1.78894e-05    1.85169e-05    1.34061e-05    4.60118e-06
  -4.96761e-06   -1.29558e-05   -1.75847e-05   -1.72995e-05   -1.14810e-05   -1.78361e-06    7.71536e-06
   1.24319e-05    1.00150e-05    1.92112e-06   -7.23401e-06   -1.21889e-05   -9.98081e-06   -1.61033e-06
   8.57696e-06    1.54066e-05    1.56915e-05    9.68954e-06    6.12839e-07   -7.22690e-06   -1.06166e-05
  -8.97126e-06   -4.38421e-06   -1.00511e-07    1.61729e-06    7.64728e-07   -8.28418e-07   -1.23470e-06
  -1.49072e-07    8.50056e-07   -1.65018e-07   -3.41580e-06   -6.67162e-06   -6.61485e-06   -1.39713e-06
   7.50810e-06    1.56932e-05    1.85233e-05    1.43527e-05    5.61664e-06   -3.25676e-06   -9.26021e-06
  -1.24768e-05   -1.47177e-05   -1.66585e-05   -1.63595e-05   -1.08929e-05    1.51583e-07    1.27259e-05
   2.03065e-05    1.85743e-05    9.01045e-06   -1.68787e-06   -6.29219e-06   -2.38427e-06    5.86009e-06
   1.08863e-05    7.46903e-06   -3.40679e-06   -1.52586e-05   -2.06870e-05   -1.63933e-05   -5.19252e-06
   6.11480e-06    1.13283e-05    8.68409e-06    1.48235e-06   -4.52887e-06   -4.96600e-06    6.21051e-07
   8.77747e-06    1.44417e-05    1.39609e-05    7.13120e-06   -2.76263e-06   -1.09168e-05   -1.38634e-05
  -1.14500e-05   -6.60639e-06   -2.96616e-06   -2.04485e-06   -2.25281e-06   -6.54831e-07    3.99408e-06
   9.64744e-06    1.23570e-05    9.57882e-06    2.52339e-06   -4.55950e-06   -7.55579e-06   -5.43714e-06
  -6.89143e-07    2.86863e-06    2.97077e-06    2.67066e-07   -2.69833e-06   -3.79267e-06   -2.84652e-06
  -1.24612e-06   -2.45869e-07    1.92997e-07    9.46590e-07    2.30087e-06    3.21846e-06    2.21185e-06
  -1.00121e-06   -4.72439e-06   -6.22395e-06   -3.68168e-06    2.34250e-06    8.99938e-06    1.26828e-05
   1.10303e-05    4.31239e-06   -4.57951e-06   -1.16939e-05   -1.42628e-05   -1.21215e-05   -7.31654e-06
  -2.31669e-06    1.68287e-06    5.04087e-06    8.48264e-06    1.16581e-05    1.28383e-05    1.01179e-05
   3.19022e-06   -5.71192e-06   -1.25724e-05   -1.38542e-05   -8.94977e-06   -9.53495e-07    5.24831e-06
   6.40264e-06    3.11157e-06   -1.01414e-06   -2.49717e-06   -6.87237e-07    2.19578e-06    3.37101e-06
   1.88969e-06   -8.35576e-07   -2.45015e-06   -1.64959e-06    7.97579e-07    2.68859e-06    2.14284e-06
  -8.67021e-07   -4.36353e-06   -5.71894e-06   -3.53311e-06    1.30436e-06    6.09956e-06    8.04628e-06
   6.00323e-06    1.19418e-06   -3.65419e-06   -6.14614e-06   -5.65937e-06   -3.33807e-06   -8.54385e-07
   8.19525e-07    1.64920e-06    1.95257e-06    1.85190e-06    1.28516e-06    3.72995e-07   -4.19819e-07
  -6.12783e-07   -1.85648e-07    3.67450e-07    5.13225e-07    2.11699e-07   -4.93922e-08    2.24286e-07
   9.75244e-07    1.56371e-06    1.30202e-06    5.47384e-08   -1.61579e-06   -2.84249e-06   -3.04063e-06
  -2.24289e-06   -9.66634e-07    2.17948e-07    1.03119e-06    1.49659e-06    1.71595e-06    1.69008e-06
   1.36055e-06    7.81088e-07    1.82308e-07   -1.76385e-07   -2.20746e-07   -1.16918e-07   -1.15969e-07
  -3.42460e-07   -7.09057e-07   -1.00185e-06   -1.04090e-06   -7.89087e-07   -3.51157e-07    1.06495e-07
   4.45976e-07    6.08183e-07    6.12189e-07    5.19741e-07    3.91501e-07    2.59394e-07    1.26152e-07
  -1.43679e-08   -1.54210e-07   -2.63511e-07   -3.04289e-07   -2.56935e-07   -1.40192e-07   -7.51245e-09
   8.20357e-08    1.00139e-07    6.51420e-08    2.21566e-08    2.17288e-09 
